filename,label,awe,anger,amusement,disgust,contentment,sadness,excitement,fear
/root/sharedfolder/newflickr/test//awe/7639172260.jpg,awe,0.81,0.0045,0.097,0.0066,0.025,0.0051,0.033,0.019
/root/sharedfolder/newflickr/test//awe/9112666853.jpg,awe,0.5,0.058,0.096,0.011,0.22,0.086,0.012,0.018
/root/sharedfolder/newflickr/test//awe/6838010657.jpg,awe,0.21,0.028,0.016,0.011,0.65,0.041,0.039,0.005
/root/sharedfolder/newflickr/test//awe/8290721959.jpg,awe,0.73,0.058,0.0024,0.035,0.022,0.018,0.018,0.12
/root/sharedfolder/newflickr/test//awe/8094967096.jpg,awe,0.53,0.0072,0.0051,0.024,0.24,0.0082,0.15,0.036
/root/sharedfolder/newflickr/test//awe/14544676500.jpg,awe,0.51,0.018,0.0055,0.035,0.3,0.017,0.037,0.072
/root/sharedfolder/newflickr/test//awe/14943244035.jpg,awe,0.97,0.00033,0.0017,1e-05,0.029,0.0014,0.00075,0.0012
/root/sharedfolder/newflickr/test//awe/8676607428.jpg,awe,0.58,0.00066,0.0018,0.00067,0.4,0.0038,0.0047,0.0034
/root/sharedfolder/newflickr/test//awe/15330640369.jpg,awe,0.16,0.01,0.0062,0.0079,0.71,0.06,0.0087,0.039
/root/sharedfolder/newflickr/test//awe/8556807023.jpg,awe,0.89,0.00095,0.017,0.0008,0.077,0.0019,0.0073,0.003
/root/sharedfolder/newflickr/test//awe/15857542045.jpg,awe,0.95,0.0029,0.021,0.0025,0.0076,0.0012,0.011,0.007
/root/sharedfolder/newflickr/test//awe/8126449246.jpg,awe,0.4,0.023,0.02,0.045,0.12,0.18,0.011,0.2
/root/sharedfolder/newflickr/test//awe/7719798158.jpg,awe,0.9,0.00019,0.01,4.2e-05,0.078,0.0039,0.0024,0.0031
/root/sharedfolder/newflickr/test//awe/13933535401.jpg,awe,0.69,0.0015,0.0017,0.014,0.26,0.007,0.03,0.0023
/root/sharedfolder/newflickr/test//awe/6958221423.jpg,awe,0.8,0.0051,0.0028,0.00052,0.18,0.0066,0.0027,0.0043
/root/sharedfolder/newflickr/test//awe/13607305594.jpg,awe,0.085,0.0012,0.0086,0.0028,0.79,0.08,0.018,0.012
/root/sharedfolder/newflickr/test//awe/10329597866.jpg,awe,0.83,0.00015,0.00067,0.00017,0.16,0.00045,0.0054,0.0011
/root/sharedfolder/newflickr/test//awe/8606785622.jpg,awe,0.84,0.009,0.022,0.00029,0.033,0.02,0.037,0.037
/root/sharedfolder/newflickr/test//awe/9281265738.jpg,awe,0.92,0.0018,0.0031,0.00068,0.067,0.0023,0.0024,0.0021
/root/sharedfolder/newflickr/test//awe/10680363355.jpg,awe,0.94,0.0011,0.02,8.9e-05,0.024,0.0015,0.01,0.0032
/root/sharedfolder/newflickr/test//awe/7958518782.jpg,awe,0.71,0.016,0.01,0.0058,0.17,0.018,0.05,0.016
/root/sharedfolder/newflickr/test//awe/14993138333.jpg,awe,0.1,0.063,0.18,0.011,0.17,0.065,0.38,0.028
/root/sharedfolder/newflickr/test//awe/6726132247.jpg,awe,0.94,0.0024,0.021,0.0004,0.016,0.0015,0.015,0.0049
/root/sharedfolder/newflickr/test//awe/14896456080.jpg,awe,0.28,0.031,0.25,0.026,0.06,0.019,0.31,0.031
/root/sharedfolder/newflickr/test//awe/7277479386.jpg,awe,0.83,0.0012,0.015,0.0017,0.066,0.0089,0.02,0.059
/root/sharedfolder/newflickr/test//awe/9514998646.jpg,awe,0.75,0.018,0.05,0.01,0.057,0.035,0.044,0.037
/root/sharedfolder/newflickr/test//awe/15260616767.jpg,awe,0.69,0.003,0.0021,0.0061,0.23,0.0047,0.053,0.014
/root/sharedfolder/newflickr/test//awe/6900074768.jpg,awe,0.16,0.035,0.12,0.098,0.28,0.12,0.15,0.039
/root/sharedfolder/newflickr/test//awe/7788517028.jpg,awe,0.84,0.01,0.004,0.0064,0.093,0.0035,0.024,0.015
/root/sharedfolder/newflickr/test//awe/7187326408.jpg,awe,0.74,0.01,0.0025,0.03,0.07,0.043,0.023,0.084
/root/sharedfolder/newflickr/test//awe/12938263414.jpg,awe,0.93,0.0092,0.0079,0.0019,0.021,0.0061,0.0032,0.022
/root/sharedfolder/newflickr/test//awe/8064558596.jpg,awe,0.81,0.041,0.0063,0.08,0.027,0.014,0.0072,0.014
/root/sharedfolder/newflickr/test//awe/14716140238.jpg,awe,0.89,0.00057,0.0044,4.1e-05,0.092,0.0015,0.0021,0.0044
/root/sharedfolder/newflickr/test//awe/9030301103.jpg,awe,0.93,0.0053,0.0067,0.0064,0.014,0.0021,0.026,0.0078
/root/sharedfolder/newflickr/test//awe/8953070993.jpg,awe,0.65,0.014,0.0019,0.00026,0.3,0.015,0.01,0.011
/root/sharedfolder/newflickr/test//awe/7106667223.jpg,awe,0.37,0.016,0.005,0.099,0.37,0.081,0.038,0.023
/root/sharedfolder/newflickr/test//awe/8241049852.jpg,awe,0.79,0.0092,0.016,0.0061,0.067,0.024,0.027,0.06
/root/sharedfolder/newflickr/test//awe/15773477096.jpg,awe,0.9,0.0055,0.0024,0.013,0.056,0.0042,0.016,0.008
/root/sharedfolder/newflickr/test//awe/7754048050.jpg,awe,0.45,0.014,0.004,0.00044,0.33,0.2,0.0037,0.0039
/root/sharedfolder/newflickr/test//awe/8572143780.jpg,awe,0.9,0.0081,0.0024,0.0053,0.039,0.0014,0.023,0.02
/root/sharedfolder/newflickr/test//awe/9767872514.jpg,awe,0.94,0.0022,0.00086,0.00071,0.032,0.0042,0.0042,0.021
/root/sharedfolder/newflickr/test//awe/9830906834.jpg,awe,0.66,0.0095,0.24,0.002,0.064,0.011,0.0069,0.0055
/root/sharedfolder/newflickr/test//awe/15270813737.jpg,awe,0.82,0.011,0.0036,0.0054,0.098,0.0033,0.053,0.0071
/root/sharedfolder/newflickr/test//awe/14432919926.jpg,awe,0.55,0.024,0.034,0.024,0.18,0.04,0.13,0.016
/root/sharedfolder/newflickr/test//awe/8954268396.jpg,awe,0.16,0.0015,0.00068,0.002,0.83,0.006,0.0024,0.0055
/root/sharedfolder/newflickr/test//awe/14649880901.jpg,awe,0.96,0.002,0.0061,0.0018,0.012,0.0017,0.012,0.0037
/root/sharedfolder/newflickr/test//awe/8748557569.jpg,awe,0.75,0.0081,0.021,0.0026,0.19,0.0066,0.0064,0.016
/root/sharedfolder/newflickr/test//awe/15907375265.jpg,awe,0.53,0.0025,0.0015,0.0026,0.26,0.14,0.0036,0.06
/root/sharedfolder/newflickr/test//awe/12468683643.jpg,awe,0.52,0.032,0.12,0.046,0.075,0.094,0.07,0.052
/root/sharedfolder/newflickr/test//awe/8718935671.jpg,awe,0.92,0.0026,0.013,0.002,0.034,0.0066,0.0066,0.015
/root/sharedfolder/newflickr/test//awe/7084261879.jpg,awe,0.62,0.012,0.22,0.0038,0.031,0.018,0.053,0.046
/root/sharedfolder/newflickr/test//awe/8439709733.jpg,awe,0.19,0.045,0.011,0.0044,0.12,0.39,0.021,0.22
/root/sharedfolder/newflickr/test//awe/8123369635.jpg,awe,0.89,0.001,0.011,0.0004,0.065,0.021,0.0073,0.0092
/root/sharedfolder/newflickr/test//awe/9569231634.jpg,awe,0.72,0.013,0.011,0.0079,0.066,0.055,0.056,0.071
/root/sharedfolder/newflickr/test//awe/7968498642.jpg,awe,0.62,0.01,0.0082,0.01,0.059,0.0082,0.2,0.092
/root/sharedfolder/newflickr/test//awe/8597734730.jpg,awe,0.63,0.00065,0.011,0.00034,0.34,0.0046,0.0043,0.0025
/root/sharedfolder/newflickr/test//awe/7448094156.jpg,awe,0.68,0.0047,0.027,0.01,0.16,0.031,0.072,0.021
/root/sharedfolder/newflickr/test//awe/8641357143.jpg,awe,0.87,0.004,0.023,0.00052,0.042,0.007,0.024,0.025
/root/sharedfolder/newflickr/test//awe/14544643170.jpg,awe,0.62,0.01,0.0051,0.011,0.18,0.0082,0.14,0.04
/root/sharedfolder/newflickr/test//awe/7441453092.jpg,awe,0.5,0.0016,0.11,0.017,0.33,0.011,0.013,0.011
/root/sharedfolder/newflickr/test//awe/6672443739.jpg,awe,0.97,0.00093,0.0078,0.00019,0.015,0.0025,0.0017,0.0015
/root/sharedfolder/newflickr/test//awe/11651761614.jpg,awe,0.43,0.0092,0.021,0.013,0.44,0.034,0.025,0.024
/root/sharedfolder/newflickr/test//awe/15720718868.jpg,awe,0.66,0.012,0.073,0.032,0.049,0.019,0.038,0.12
/root/sharedfolder/newflickr/test//awe/15260403679.jpg,awe,0.83,0.007,0.004,0.0042,0.094,0.0041,0.054,0.0077
/root/sharedfolder/newflickr/test//awe/8190697964.jpg,awe,0.72,0.00012,0.0023,2.8e-05,0.28,0.0017,0.0006,0.00046
/root/sharedfolder/newflickr/test//awe/14525007886.jpg,awe,0.048,0.095,0.37,0.016,0.069,0.36,0.025,0.017
/root/sharedfolder/newflickr/test//awe/11908137236.jpg,awe,0.91,0.0078,0.0054,0.0026,0.043,0.0024,0.016,0.008
/root/sharedfolder/newflickr/test//awe/8624706756.jpg,awe,0.75,0.054,0.089,0.003,0.038,0.029,0.025,0.0074
/root/sharedfolder/newflickr/test//awe/11340767254.jpg,awe,0.16,0.006,0.0051,0.00038,0.74,0.047,0.03,0.0047
/root/sharedfolder/newflickr/test//awe/15862703593.jpg,awe,0.8,0.012,0.0034,0.004,0.12,0.0095,0.028,0.022
/root/sharedfolder/newflickr/test//awe/15530509085.jpg,awe,0.11,0.0021,0.0044,0.00033,0.82,0.031,0.0026,0.03
/root/sharedfolder/newflickr/test//awe/14962991492.jpg,awe,0.26,0.062,0.25,0.17,0.035,0.024,0.16,0.035
/root/sharedfolder/newflickr/test//awe/14965750486.jpg,awe,0.86,0.0063,0.051,0.0012,0.062,0.01,0.0014,0.0034
/root/sharedfolder/newflickr/test//awe/6780297916.jpg,awe,0.6,0.013,0.0053,0.0019,0.25,0.029,0.038,0.064
/root/sharedfolder/newflickr/test//awe/7719797278.jpg,awe,0.85,0.0002,0.019,3.1e-05,0.12,0.0083,0.0025,0.0037
/root/sharedfolder/newflickr/test//awe/7876412540.jpg,awe,0.72,0.0098,0.07,0.039,0.11,0.022,0.015,0.013
/root/sharedfolder/newflickr/test//awe/13945528797.jpg,awe,0.94,0.00032,0.0041,0.0002,0.048,0.00074,0.0095,0.00084
/root/sharedfolder/newflickr/test//awe/9019180915.jpg,awe,0.98,8.5e-05,0.0012,2.1e-05,0.013,0.00051,0.0028,0.0039
/root/sharedfolder/newflickr/test//awe/8345347945.jpg,awe,0.77,0.00089,0.026,0.00083,0.17,0.011,0.013,0.0056
/root/sharedfolder/newflickr/test//awe/15425807933.jpg,awe,0.83,0.0071,0.019,0.0023,0.075,0.046,0.011,0.0082
/root/sharedfolder/newflickr/test//awe/7375333094.jpg,awe,0.77,0.00074,0.0019,0.00011,0.19,0.019,0.0048,0.0075
/root/sharedfolder/newflickr/test//awe/8739799859.jpg,awe,0.81,0.0015,0.0083,0.00098,0.15,0.0044,0.0048,0.014
/root/sharedfolder/newflickr/test//awe/8650295231.jpg,awe,0.83,0.0014,0.00076,0.015,0.09,0.0041,0.016,0.04
/root/sharedfolder/newflickr/test//awe/7982585726.jpg,awe,0.7,0.0049,0.094,0.0053,0.14,0.0078,0.035,0.013
/root/sharedfolder/newflickr/test//awe/13298475684.jpg,awe,0.37,0.001,0.0018,0.00022,0.62,0.0015,0.0038,0.00056
/root/sharedfolder/newflickr/test//awe/8216560041.jpg,awe,0.75,0.045,0.026,0.015,0.057,0.017,0.028,0.063
/root/sharedfolder/newflickr/test//awe/15783408929.jpg,awe,0.96,0.00012,0.0033,2.9e-05,0.033,0.00027,0.0025,0.00048
/root/sharedfolder/newflickr/test//awe/8410048572.jpg,awe,0.19,0.099,0.13,0.11,0.089,0.14,0.04,0.21
/root/sharedfolder/newflickr/test//awe/12669715955.jpg,awe,0.28,0.0041,0.0027,0.0026,0.63,0.067,0.004,0.013
/root/sharedfolder/newflickr/test//awe/7245024266.jpg,awe,0.87,0.013,0.0083,0.0042,0.068,0.0049,0.024,0.0085
/root/sharedfolder/newflickr/test//awe/15999008452.jpg,awe,0.88,0.0065,0.013,0.0087,0.032,0.0045,0.038,0.013
/root/sharedfolder/newflickr/test//awe/14185735933.jpg,awe,0.12,0.0021,0.0028,0.0091,0.84,0.017,0.0029,0.0094
/root/sharedfolder/newflickr/test//awe/9462923788.jpg,awe,0.56,0.009,0.01,0.00053,0.067,0.0019,0.34,0.0087
/root/sharedfolder/newflickr/test//awe/12981389274.jpg,awe,0.91,0.0025,0.0014,0.00087,0.057,0.0046,0.012,0.0073
/root/sharedfolder/newflickr/test//awe/7811672090.jpg,awe,0.36,0.036,0.084,0.054,0.065,0.029,0.29,0.083
/root/sharedfolder/newflickr/test//awe/14634598456.jpg,awe,0.39,0.00064,0.0025,0.0003,0.59,0.011,0.0048,0.00079
/root/sharedfolder/newflickr/test//awe/7785030484.jpg,awe,0.89,3.7e-05,0.0038,1.8e-06,0.1,0.0025,0.00037,0.00098
/root/sharedfolder/newflickr/test//awe/8602853423.jpg,awe,0.86,0.011,0.0061,0.01,0.026,0.033,0.0046,0.049
/root/sharedfolder/newflickr/test//awe/14907229816.jpg,awe,0.55,0.011,0.069,0.0041,0.16,0.078,0.022,0.1
/root/sharedfolder/newflickr/test//awe/9723300082.jpg,awe,0.97,0.0015,0.011,0.00018,0.0089,0.00034,0.003,0.0051
/root/sharedfolder/newflickr/test//awe/11907090755.jpg,awe,0.88,0.0054,0.005,0.0055,0.052,0.0054,0.017,0.03
/root/sharedfolder/newflickr/test//awe/8047585484.jpg,awe,0.85,0.0056,0.0053,0.0081,0.11,0.0035,0.011,0.0077
/root/sharedfolder/newflickr/test//awe/14201809863.jpg,awe,0.67,0.024,0.0054,0.048,0.14,0.022,0.069,0.018
/root/sharedfolder/newflickr/test//awe/7002300034.jpg,awe,0.72,0.016,0.0096,0.0089,0.16,0.032,0.015,0.037
/root/sharedfolder/newflickr/test//awe/14209812454.jpg,awe,0.83,0.00091,0.0022,0.0004,0.16,0.0034,0.003,0.0014
/root/sharedfolder/newflickr/test//awe/12361183455.jpg,awe,0.62,0.0054,0.01,0.0032,0.32,0.012,0.018,0.0099
/root/sharedfolder/newflickr/test//awe/14293305385.jpg,awe,0.82,0.0034,0.13,0.0021,0.027,0.0066,0.0045,0.012
/root/sharedfolder/newflickr/test//awe/8202560735.jpg,awe,0.53,0.015,0.26,0.031,0.02,0.051,0.051,0.039
/root/sharedfolder/newflickr/test//awe/8080953476.jpg,awe,0.29,0.0042,0.54,0.009,0.099,0.017,0.023,0.017
/root/sharedfolder/newflickr/test//awe/15311414147.jpg,awe,0.56,0.077,0.084,0.031,0.057,0.11,0.056,0.028
/root/sharedfolder/newflickr/test//awe/16062268727.jpg,awe,0.8,0.00059,0.0044,0.0013,0.12,0.0033,0.067,0.0048
/root/sharedfolder/newflickr/test//awe/15351050464.jpg,awe,0.54,0.00099,0.00085,0.00085,0.45,0.0049,0.001,0.0011
/root/sharedfolder/newflickr/test//awe/16295390260.jpg,awe,0.96,0.0033,0.0018,0.00091,0.021,0.0016,0.011,0.0055
/root/sharedfolder/newflickr/test//awe/10798786174.jpg,awe,0.6,0.11,0.038,0.03,0.076,0.066,0.04,0.041
/root/sharedfolder/newflickr/test//awe/7282360944.jpg,awe,0.84,0.0066,0.00074,0.0013,0.1,0.0088,0.0033,0.042
/root/sharedfolder/newflickr/test//awe/14548091505.jpg,awe,0.32,0.013,0.59,0.0033,0.04,0.015,0.012,0.0042
/root/sharedfolder/newflickr/test//awe/8327439717.jpg,awe,0.51,0.066,0.014,0.022,0.072,0.018,0.046,0.25
/root/sharedfolder/newflickr/test//awe/8426627678.jpg,awe,0.64,0.0021,0.0076,0.0014,0.33,0.006,0.011,0.0039
/root/sharedfolder/newflickr/test//awe/13611771723.jpg,awe,0.64,0.0047,0.2,0.003,0.068,0.032,0.02,0.03
/root/sharedfolder/newflickr/test//awe/10088249603.jpg,awe,0.84,0.00074,0.0045,2.4e-05,0.14,0.016,0.0014,0.0036
/root/sharedfolder/newflickr/test//awe/11707893513.jpg,awe,0.62,0.022,0.0012,0.01,0.21,0.013,0.005,0.12
/root/sharedfolder/newflickr/test//awe/14287888471.jpg,awe,0.65,0.013,0.013,0.0084,0.2,0.0033,0.076,0.03
/root/sharedfolder/newflickr/test//awe/14194591996.jpg,awe,0.88,0.0057,0.0029,0.00074,0.029,0.011,0.028,0.041
/root/sharedfolder/newflickr/test//awe/13500220895.jpg,awe,0.34,0.024,0.018,0.039,0.31,0.18,0.013,0.076
/root/sharedfolder/newflickr/test//awe/6828066257.jpg,awe,0.24,0.0033,0.0024,0.002,0.64,0.065,0.041,0.0086
/root/sharedfolder/newflickr/test//awe/8321344708.jpg,awe,0.74,0.00079,0.015,0.002,0.21,0.02,0.0059,0.0092
/root/sharedfolder/newflickr/test//awe/8265532513.jpg,awe,0.42,0.064,0.028,0.047,0.14,0.084,0.076,0.14
/root/sharedfolder/newflickr/test//awe/12055177406.jpg,awe,0.5,0.13,0.035,0.0034,0.15,0.032,0.13,0.019
/root/sharedfolder/newflickr/test//awe/7802603744.jpg,awe,0.85,0.0099,0.0076,0.006,0.093,0.0041,0.0086,0.023
/root/sharedfolder/newflickr/test//awe/14249092093.jpg,awe,0.46,0.014,0.016,0.003,0.42,0.064,0.003,0.015
/root/sharedfolder/newflickr/test//awe/8484266692.jpg,awe,0.92,0.0045,0.003,0.0026,0.041,0.0051,0.0087,0.014
/root/sharedfolder/newflickr/test//awe/11907081885.jpg,awe,0.79,0.025,0.019,0.018,0.079,0.008,0.026,0.033
/root/sharedfolder/newflickr/test//awe/7650461286.jpg,awe,0.94,0.0016,0.0064,0.00015,0.028,0.011,0.0043,0.0046
/root/sharedfolder/newflickr/test//awe/8168892121.jpg,awe,0.92,0.0022,0.0017,0.0004,0.066,0.0011,0.0076,0.0025
/root/sharedfolder/newflickr/test//awe/13992543322.jpg,awe,0.85,0.012,0.0074,0.0044,0.05,0.0049,0.042,0.028
/root/sharedfolder/newflickr/test//awe/8269702613.jpg,awe,0.87,0.016,0.011,0.0076,0.022,0.0061,0.03,0.034
/root/sharedfolder/newflickr/test//awe/16216344432.jpg,awe,0.42,0.0008,0.00043,0.002,0.41,0.068,0.0008,0.1
/root/sharedfolder/newflickr/test//awe/9318540647.jpg,awe,0.94,0.00098,0.0057,0.00036,0.031,0.0072,0.0013,0.014
/root/sharedfolder/newflickr/test//awe/14385629417.jpg,awe,0.22,0.0013,0.0078,0.008,0.73,0.0038,0.029,0.0016
/root/sharedfolder/newflickr/test//awe/13992420715.jpg,awe,0.85,0.0041,0.0077,0.0037,0.044,0.0047,0.068,0.016
/root/sharedfolder/newflickr/test//awe/14566843774.jpg,awe,0.88,8.4e-05,0.014,3.4e-05,0.11,0.0017,0.0012,0.0007
/root/sharedfolder/newflickr/test//awe/15071029297.jpg,awe,0.78,0.0014,0.0032,0.00051,0.21,0.0023,0.0058,0.0047
/root/sharedfolder/newflickr/test//awe/14226417904.jpg,awe,0.69,0.0003,0.00028,0.00031,0.3,0.0011,0.0048,0.003
/root/sharedfolder/newflickr/test//awe/8116658191.jpg,awe,0.71,0.00082,0.0068,0.00031,0.27,0.0038,0.0063,0.0029
/root/sharedfolder/newflickr/test//awe/7166265678.jpg,awe,0.84,0.00078,0.0072,0.00034,0.14,0.0052,0.0024,0.0034
/root/sharedfolder/newflickr/test//awe/9517597064.jpg,awe,0.75,0.0045,0.012,0.0052,0.16,0.016,0.034,0.018
/root/sharedfolder/newflickr/test//awe/8128831727.jpg,awe,0.71,0.01,0.0081,0.041,0.086,0.0069,0.013,0.13
/root/sharedfolder/newflickr/test//awe/7573718646.jpg,awe,0.45,0.0025,0.3,0.0056,0.22,0.015,0.0087,0.0048
/root/sharedfolder/newflickr/test//awe/8651407573.jpg,awe,0.9,0.0024,0.0021,0.0021,0.053,0.0024,0.03,0.0077
/root/sharedfolder/newflickr/test//awe/14981203065.jpg,awe,0.42,0.015,0.13,0.022,0.023,0.0081,0.34,0.053
/root/sharedfolder/newflickr/test//awe/15177047064.jpg,awe,0.72,0.011,0.0048,0.005,0.21,0.011,0.029,0.0097
/root/sharedfolder/newflickr/test//awe/7523846468.jpg,awe,0.86,0.00033,0.0056,0.0021,0.11,0.0012,0.018,0.0084
/root/sharedfolder/newflickr/test//awe/14737458994.jpg,awe,0.51,0.0011,0.0012,0.0068,0.45,0.01,0.0028,0.014
/root/sharedfolder/newflickr/test//awe/16279439202.jpg,awe,0.87,0.0072,0.056,0.00058,0.015,0.0098,0.014,0.022
/root/sharedfolder/newflickr/test//awe/8063586599.jpg,awe,0.62,0.016,0.014,0.013,0.27,0.017,0.023,0.028
/root/sharedfolder/newflickr/test//awe/9496027411.jpg,awe,0.17,0.0038,0.0072,0.004,0.53,0.25,0.0069,0.026
/root/sharedfolder/newflickr/test//anger/1184796201.jpg,anger,0.00052,0.096,0.0036,0.21,0.033,0.013,0.035,0.61
/root/sharedfolder/newflickr/test//anger/5351293906.jpg,anger,0.0054,0.14,0.0046,0.73,0.036,0.043,0.011,0.024
/root/sharedfolder/newflickr/test//anger/5261452361.jpg,anger,0.0005,0.73,0.001,0.014,0.012,0.11,0.019,0.11
/root/sharedfolder/newflickr/test//anger/9413265909.jpg,anger,0.042,0.51,0.04,0.064,0.048,0.041,0.23,0.022
/root/sharedfolder/newflickr/test//anger/5038158602.jpg,anger,0.012,0.14,0.009,0.41,0.09,0.23,0.017,0.098
/root/sharedfolder/newflickr/test//anger/5100123156.jpg,anger,0.004,0.29,0.017,0.15,0.023,0.24,0.0086,0.27
/root/sharedfolder/newflickr/test//anger/6294133888.jpg,anger,0.025,0.39,0.0037,0.044,0.039,0.068,0.42,0.0071
/root/sharedfolder/newflickr/test//anger/3548695545.jpg,anger,0.0004,0.23,0.0035,0.09,0.025,0.54,0.0088,0.095
/root/sharedfolder/newflickr/test//anger/8421876644.jpg,anger,0.04,0.31,0.069,0.13,0.17,0.12,0.15,0.017
/root/sharedfolder/newflickr/test//anger/9616544025.jpg,anger,0.0037,0.16,0.0008,0.079,0.0091,0.24,0.0054,0.5
/root/sharedfolder/newflickr/test//anger/7920331186.jpg,anger,0.00017,0.83,0.0031,0.052,0.0074,0.031,0.02,0.055
/root/sharedfolder/newflickr/test//anger/8249045725.jpg,anger,0.00032,0.09,0.00025,0.15,0.002,0.054,0.0013,0.7
/root/sharedfolder/newflickr/test//anger/8288352606.jpg,anger,0.057,0.039,0.12,0.1,0.24,0.099,0.31,0.034
/root/sharedfolder/newflickr/test//anger/7983253782.jpg,anger,0.00077,0.74,0.00018,0.0068,0.004,0.2,0.0057,0.04
/root/sharedfolder/newflickr/test//anger/8389746931.jpg,anger,0.00012,0.2,0.0016,0.0078,0.0079,0.15,0.0019,0.63
/root/sharedfolder/newflickr/test//anger/5794075195.jpg,anger,0.00086,0.42,0.00013,0.0058,0.015,0.45,0.00041,0.11
/root/sharedfolder/newflickr/test//anger/6848252477.jpg,anger,0.0015,0.05,0.0021,0.031,0.045,0.84,0.0091,0.025
/root/sharedfolder/newflickr/test//anger/2436129331.jpg,anger,0.002,0.045,3.1e-05,0.006,0.1,0.77,0.00074,0.07
/root/sharedfolder/newflickr/test//anger/412376518.jpg,anger,0.0027,0.28,0.012,0.026,0.088,0.41,0.0082,0.18
/root/sharedfolder/newflickr/test//anger/3902945602.jpg,anger,0.0028,0.22,0.0055,0.65,0.0052,0.068,0.0086,0.039
/root/sharedfolder/newflickr/test//anger/4134503030.jpg,anger,0.0055,0.095,0.0089,0.056,0.4,0.4,0.018,0.016
/root/sharedfolder/newflickr/test//anger/2303903857.jpg,anger,0.001,0.36,0.00031,0.015,0.034,0.44,0.0048,0.15
/root/sharedfolder/newflickr/test//anger/8616905127.jpg,anger,0.065,0.077,0.019,0.28,0.018,0.07,0.015,0.45
/root/sharedfolder/newflickr/test//anger/6934294711.jpg,anger,0.0053,0.48,0.091,0.07,0.079,0.069,0.05,0.15
/root/sharedfolder/newflickr/test//anger/4799617366.jpg,anger,0.035,0.4,0.016,0.15,0.041,0.06,0.049,0.25
/root/sharedfolder/newflickr/test//anger/7974765654.jpg,anger,0.046,0.28,0.087,0.19,0.048,0.23,0.02,0.096
/root/sharedfolder/newflickr/test//anger/5917177915.jpg,anger,0.00091,0.17,0.00071,0.077,0.025,0.047,0.0031,0.67
/root/sharedfolder/newflickr/test//anger/5315363007.jpg,anger,0.0021,0.083,0.0019,0.0076,0.091,0.32,0.0019,0.49
/root/sharedfolder/newflickr/test//anger/13233118253.jpg,anger,0.08,0.26,0.27,0.021,0.039,0.011,0.11,0.21
/root/sharedfolder/newflickr/test//anger/16014214241.jpg,anger,0.004,0.75,0.0065,0.075,0.0058,0.079,0.02,0.061
/root/sharedfolder/newflickr/test//anger/6348518273.jpg,anger,0.00073,0.33,0.0048,0.13,0.011,0.092,0.013,0.42
/root/sharedfolder/newflickr/test//anger/11791472195.jpg,anger,0.0011,0.36,0.00015,0.32,0.11,0.18,0.0099,0.02
/root/sharedfolder/newflickr/test//anger/3207486463.jpg,anger,0.0011,0.13,0.00062,0.14,0.062,0.59,0.0032,0.077
/root/sharedfolder/newflickr/test//anger/10335421154.jpg,anger,0.0018,0.46,0.085,0.006,0.0074,0.025,0.24,0.17
/root/sharedfolder/newflickr/test//anger/8243346144.jpg,anger,0.023,0.067,0.0047,0.65,0.11,0.054,0.021,0.07
/root/sharedfolder/newflickr/test//anger/2640638697.jpg,anger,0.096,0.14,0.13,0.13,0.13,0.13,0.21,0.034
/root/sharedfolder/newflickr/test//anger/6529629327.jpg,anger,0.17,0.31,0.02,0.012,0.034,0.029,0.048,0.38
/root/sharedfolder/newflickr/test//anger/5320691165.jpg,anger,0.00096,0.48,0.015,0.24,0.051,0.044,0.068,0.094
/root/sharedfolder/newflickr/test//anger/2816457621.jpg,anger,0.052,0.51,0.023,0.091,0.14,0.12,0.048,0.019
/root/sharedfolder/newflickr/test//anger/14144066458.jpg,anger,0.18,0.31,0.064,0.052,0.18,0.1,0.023,0.096
/root/sharedfolder/newflickr/test//amusement/9571216453.jpg,amusement,0.023,0.013,0.4,0.0069,0.08,0.0032,0.45,0.029
/root/sharedfolder/newflickr/test//amusement/8732314377.jpg,amusement,0.0045,0.00021,0.99,6.5e-05,0.00097,0.00016,0.0048,5.2e-05
/root/sharedfolder/newflickr/test//amusement/7021193013.jpg,amusement,0.017,0.0063,0.94,0.0068,0.0065,0.002,0.019,0.007
/root/sharedfolder/newflickr/test//amusement/14390864321.jpg,amusement,0.022,0.00078,0.94,0.0028,0.0091,0.00058,0.023,0.0012
/root/sharedfolder/newflickr/test//amusement/13858669625.jpg,amusement,0.0055,0.0016,0.92,0.00061,0.0043,0.0011,0.065,0.0038
/root/sharedfolder/newflickr/test//amusement/7896876680.jpg,amusement,0.024,0.01,0.92,0.0019,0.0073,0.0014,0.02,0.017
/root/sharedfolder/newflickr/test//amusement/9636185384.jpg,amusement,0.00072,1.4e-05,1,7.5e-05,0.00029,4.4e-05,0.0014,5e-05
/root/sharedfolder/newflickr/test//amusement/7876601688.jpg,amusement,0.098,0.088,0.11,0.038,0.042,0.058,0.49,0.071
/root/sharedfolder/newflickr/test//amusement/8347880551.jpg,amusement,0.15,0.038,0.085,0.0055,0.018,0.0062,0.58,0.11
/root/sharedfolder/newflickr/test//amusement/9870409944.jpg,amusement,0.0029,0.0003,0.99,0.00011,0.0014,0.00011,0.0041,0.00015
/root/sharedfolder/newflickr/test//amusement/7793018622.jpg,amusement,0.062,0.02,0.86,0.0082,0.011,0.009,0.025,0.0054
/root/sharedfolder/newflickr/test//amusement/7359809170.jpg,amusement,0.23,0.085,0.22,0.067,0.018,0.023,0.22,0.13
/root/sharedfolder/newflickr/test//amusement/10086131214.jpg,amusement,0.052,0.023,0.57,0.0094,0.048,0.0065,0.27,0.018
/root/sharedfolder/newflickr/test//amusement/7808575348.jpg,amusement,0.012,0.007,0.53,0.0022,0.0042,0.00076,0.44,0.0026
/root/sharedfolder/newflickr/test//amusement/8360736191.jpg,amusement,0.32,0.019,0.24,0.12,0.094,0.1,0.084,0.024
/root/sharedfolder/newflickr/test//amusement/7239502422.jpg,amusement,0.0015,0.0027,0.96,0.00074,0.0068,0.0014,0.021,0.0007
/root/sharedfolder/newflickr/test//amusement/13961101620.jpg,amusement,0.015,0.0004,0.98,0.0012,0.0018,0.00031,0.0029,0.00082
/root/sharedfolder/newflickr/test//amusement/8252143162.jpg,amusement,0.0042,0.09,0.015,0.013,0.0037,0.13,0.68,0.06
/root/sharedfolder/newflickr/test//amusement/7360883456.jpg,amusement,0.014,0.0093,0.74,0.011,0.0085,0.0022,0.2,0.017
/root/sharedfolder/newflickr/test//amusement/9884591524.jpg,amusement,0.0055,0.0044,0.96,0.0028,0.0054,0.0017,0.009,0.0093
/root/sharedfolder/newflickr/test//amusement/9453924189.jpg,amusement,0.003,0.00068,0.97,0.00088,0.0027,0.00038,0.02,0.00079
/root/sharedfolder/newflickr/test//amusement/11862131774.jpg,amusement,0.013,0.00036,0.98,0.00046,0.0015,0.00099,0.0041,0.00059
/root/sharedfolder/newflickr/test//amusement/9717859990.jpg,amusement,0.013,0.0018,0.94,0.0026,0.0046,0.002,0.032,0.0022
/root/sharedfolder/newflickr/test//amusement/8094713312.jpg,amusement,0.015,0.066,0.54,0.044,0.0067,0.016,0.26,0.048
/root/sharedfolder/newflickr/test//amusement/6799821598.jpg,amusement,0.0005,0.00046,0.91,0.001,0.0097,5.5e-05,0.082,8.5e-05
/root/sharedfolder/newflickr/test//amusement/8140538659.jpg,amusement,0.67,0.0094,0.13,0.00071,0.094,0.051,0.028,0.011
/root/sharedfolder/newflickr/test//amusement/8147012558.jpg,amusement,0.052,0.036,0.45,0.052,0.049,0.21,0.033,0.12
/root/sharedfolder/newflickr/test//amusement/9320810059.jpg,amusement,0.033,0.00033,0.96,0.00031,0.001,0.0003,0.0013,0.00038
/root/sharedfolder/newflickr/test//amusement/7596336920.jpg,amusement,0.032,0.018,0.86,0.016,0.019,0.0056,0.019,0.028
/root/sharedfolder/newflickr/test//amusement/9186823411.jpg,amusement,0.04,0.0099,0.87,0.022,0.027,0.0045,0.016,0.01
/root/sharedfolder/newflickr/test//amusement/9640067521.jpg,amusement,0.022,0.023,0.62,0.11,0.051,0.022,0.13,0.027
/root/sharedfolder/newflickr/test//amusement/14262468881.jpg,amusement,0.069,0.021,0.57,0.0069,0.092,0.022,0.21,0.016
/root/sharedfolder/newflickr/test//amusement/9469297912.jpg,amusement,0.0041,0.0042,0.98,0.0014,0.0034,0.0012,0.0035,0.002
/root/sharedfolder/newflickr/test//amusement/12513318675.jpg,amusement,0.011,0.0038,0.97,0.0011,0.0025,0.00064,0.01,0.0028
/root/sharedfolder/newflickr/test//amusement/13858881624.jpg,amusement,0.002,0.0057,0.85,0.0034,0.014,0.00083,0.13,0.00077
/root/sharedfolder/newflickr/test//amusement/7194428062.jpg,amusement,0.037,0.076,0.28,0.013,0.21,0.034,0.28,0.072
/root/sharedfolder/newflickr/test//amusement/8113191604.jpg,amusement,0.021,0.097,0.49,0.013,0.13,0.17,0.049,0.022
/root/sharedfolder/newflickr/test//amusement/10787810044.jpg,amusement,0.034,0.0039,0.81,0.0074,0.0094,0.003,0.11,0.019
/root/sharedfolder/newflickr/test//amusement/7320818836.jpg,amusement,0.015,0.043,0.35,0.0068,0.073,0.017,0.44,0.057
/root/sharedfolder/newflickr/test//amusement/7347282098.jpg,amusement,0.0071,0.0085,0.76,0.0039,0.0023,0.00083,0.21,0.0075
/root/sharedfolder/newflickr/test//amusement/14362397619.jpg,amusement,0.056,0.0023,0.89,0.0068,0.0098,0.0028,0.026,0.012
/root/sharedfolder/newflickr/test//amusement/9235628056.jpg,amusement,0.02,0.031,0.45,0.23,0.039,0.026,0.13,0.076
/root/sharedfolder/newflickr/test//amusement/7816177348.jpg,amusement,0.0049,0.0056,0.97,0.0018,0.0044,0.0014,0.0071,0.0069
/root/sharedfolder/newflickr/test//amusement/10350506544.jpg,amusement,0.13,0.005,0.8,0.0044,0.015,0.0055,0.02,0.019
/root/sharedfolder/newflickr/test//amusement/9671116583.jpg,amusement,0.023,0.093,0.11,0.014,0.41,0.017,0.33,0.0043
/root/sharedfolder/newflickr/test//amusement/7033804353.jpg,amusement,0.045,0.0075,0.88,0.0027,0.006,0.0056,0.048,0.0062
/root/sharedfolder/newflickr/test//amusement/6860202387.jpg,amusement,0.0024,0.0021,0.98,0.00025,0.00028,8.6e-05,0.017,0.00057
/root/sharedfolder/newflickr/test//amusement/8024787938.jpg,amusement,0.0029,0.00064,0.99,0.00018,0.00056,0.00014,0.0024,0.00097
/root/sharedfolder/newflickr/test//amusement/13643426694.jpg,amusement,0.27,0.021,0.58,0.087,0.015,0.0087,0.0078,0.0045
/root/sharedfolder/newflickr/test//amusement/8242652076.jpg,amusement,0.067,0.12,0.37,0.1,0.13,0.053,0.12,0.035
/root/sharedfolder/newflickr/test//amusement/10519381293.jpg,amusement,0.014,0.17,0.51,0.058,0.038,0.0024,0.19,0.015
/root/sharedfolder/newflickr/test//amusement/8223148949.jpg,amusement,0.0076,0.0024,0.93,0.00053,0.0015,0.00069,0.057,0.0012
/root/sharedfolder/newflickr/test//amusement/8139752612.jpg,amusement,0.0065,0.003,0.97,0.002,0.0031,0.0013,0.0057,0.0083
/root/sharedfolder/newflickr/test//amusement/9580413928.jpg,amusement,0.062,0.031,0.18,0.049,0.05,0.0083,0.61,0.0045
/root/sharedfolder/newflickr/test//amusement/10055101536.jpg,amusement,0.0074,0.013,0.46,0.0036,0.021,0.008,0.48,0.0017
/root/sharedfolder/newflickr/test//amusement/14622394239.jpg,amusement,0.0091,0.0027,0.93,0.014,0.0088,0.0044,0.029,0.0015
/root/sharedfolder/newflickr/test//amusement/11079901473.jpg,amusement,0.024,0.00058,0.94,0.004,0.018,0.0028,0.012,0.00061
/root/sharedfolder/newflickr/test//amusement/7639393802.jpg,amusement,0.024,0.0015,0.95,0.0062,0.0094,0.0043,0.0048,0.0042
/root/sharedfolder/newflickr/test//amusement/7362953666.jpg,amusement,0.00063,9.1e-05,1,0.00039,0.00039,0.00047,0.00034,0.00037
/root/sharedfolder/newflickr/test//amusement/9341190936.jpg,amusement,0.0019,0.035,0.65,0.045,0.056,0.061,0.12,0.039
/root/sharedfolder/newflickr/test//amusement/9768536805.jpg,amusement,0.008,5.4e-05,0.99,1.1e-05,6.4e-05,1.9e-05,0.0042,8.2e-05
/root/sharedfolder/newflickr/test//amusement/6958761847.jpg,amusement,0.0085,0.032,0.69,0.0032,0.15,0.093,0.0054,0.017
/root/sharedfolder/newflickr/test//amusement/9525831532.jpg,amusement,0.0049,0.016,0.83,0.004,0.013,0.002,0.11,0.015
/root/sharedfolder/newflickr/test//amusement/8094706989.jpg,amusement,0.013,0.012,0.37,0.0081,0.0027,0.0043,0.58,0.0071
/root/sharedfolder/newflickr/test//amusement/9503385404.jpg,amusement,0.0079,0.024,0.86,0.0013,0.013,0.0026,0.082,0.0047
/root/sharedfolder/newflickr/test//amusement/9643305148.jpg,amusement,0.00034,0.013,0.9,0.004,0.00049,0.00014,0.073,0.0056
/root/sharedfolder/newflickr/test//amusement/14016031131.jpg,amusement,0.018,0.015,0.59,0.099,0.042,0.014,0.18,0.045
/root/sharedfolder/newflickr/test//amusement/14107402979.jpg,amusement,0.009,0.066,0.71,0.077,0.038,0.027,0.063,0.012
/root/sharedfolder/newflickr/test//amusement/10546227663.jpg,amusement,0.17,0.065,0.44,0.0033,0.017,0.012,0.24,0.059
/root/sharedfolder/newflickr/test//amusement/9678305062.jpg,amusement,0.014,0.0022,0.95,0.0019,0.013,0.0015,0.014,0.0017
/root/sharedfolder/newflickr/test//amusement/8450680209.jpg,amusement,0.28,0.00059,0.61,0.0021,0.071,0.011,0.012,0.011
/root/sharedfolder/newflickr/test//amusement/8828103908.jpg,amusement,0.056,0.012,0.85,0.055,0.0056,0.0067,0.006,0.011
/root/sharedfolder/newflickr/test//amusement/9768372235.jpg,amusement,0.12,0.01,0.83,0.00099,0.0099,0.0059,0.012,0.011
/root/sharedfolder/newflickr/test//amusement/8071947384.jpg,amusement,0.0095,0.0027,0.91,7.1e-05,0.0013,6.7e-05,0.075,0.0004
/root/sharedfolder/newflickr/test//amusement/8732362657.jpg,amusement,0.008,0.0028,0.96,0.0035,0.0021,0.001,0.0038,0.014
/root/sharedfolder/newflickr/test//amusement/8081532806.jpg,amusement,0.038,0.0014,0.94,0.00086,0.0056,0.0014,0.007,0.0042
/root/sharedfolder/newflickr/test//amusement/8620985317.jpg,amusement,0.00029,0.0013,0.98,0.00017,0.0013,6e-05,0.016,0.00035
/root/sharedfolder/newflickr/test//amusement/8212966734.jpg,amusement,0.013,0.011,0.93,0.0022,0.0048,0.0018,0.03,0.0041
/root/sharedfolder/newflickr/test//amusement/7979190444.jpg,amusement,0.003,0.0029,0.98,0.00089,0.00048,0.00041,0.0095,0.0015
/root/sharedfolder/newflickr/test//amusement/7873629350.jpg,amusement,0.0027,0.013,0.85,0.0029,0.019,0.002,0.11,0.0034
/root/sharedfolder/newflickr/test//amusement/9575279400.jpg,amusement,0.034,0.019,0.047,0.056,0.068,0.033,0.73,0.01
/root/sharedfolder/newflickr/test//amusement/7884124328.jpg,amusement,0.041,0.035,0.21,0.14,0.12,0.016,0.33,0.11
/root/sharedfolder/newflickr/test//amusement/10279298175.jpg,amusement,0.19,0.039,0.55,0.048,0.044,0.017,0.045,0.073
/root/sharedfolder/newflickr/test//amusement/12606170664.jpg,amusement,0.029,0.094,0.031,0.0019,0.0016,0.0042,0.83,0.0046
/root/sharedfolder/newflickr/test//amusement/8071538400.jpg,amusement,0.0094,0.0065,0.79,0.002,0.0034,0.001,0.19,0.0013
/root/sharedfolder/newflickr/test//amusement/7033800621.jpg,amusement,0.003,0.00072,0.97,0.00075,0.0031,0.00034,0.023,0.001
/root/sharedfolder/newflickr/test//amusement/10049733064.jpg,amusement,0.086,0.14,0.63,0.031,0.022,0.01,0.047,0.032
/root/sharedfolder/newflickr/test//amusement/11706887054.jpg,amusement,0.19,0.02,0.48,0.0064,0.013,0.0083,0.26,0.032
/root/sharedfolder/newflickr/test//amusement/9259875428.jpg,amusement,0.0017,0.00028,0.99,6.5e-05,0.00055,4.4e-05,0.0059,0.00012
/root/sharedfolder/newflickr/test//amusement/10230662425.jpg,amusement,0.027,0.38,0.21,0.031,0.066,0.081,0.15,0.048
/root/sharedfolder/newflickr/test//amusement/14038683797.jpg,amusement,0.042,0.0016,0.9,0.0013,0.04,0.003,0.007,0.0025
/root/sharedfolder/newflickr/test//amusement/9522951849.jpg,amusement,0.096,0.014,0.5,0.17,0.018,0.022,0.15,0.029
/root/sharedfolder/newflickr/test//amusement/9005261860.jpg,amusement,0.0033,0.082,0.39,0.015,0.0031,0.0028,0.49,0.012
/root/sharedfolder/newflickr/test//amusement/7194424350.jpg,amusement,0.096,0.042,0.38,0.022,0.16,0.024,0.25,0.034
/root/sharedfolder/newflickr/test//amusement/8138917341.jpg,amusement,0.016,0.16,0.39,0.023,0.0092,0.015,0.23,0.15
/root/sharedfolder/newflickr/test//amusement/11459126756.jpg,amusement,0.088,0.34,0.18,0.015,0.0083,0.09,0.2,0.071
/root/sharedfolder/newflickr/test//amusement/8257333118.jpg,amusement,0.013,0.056,0.26,0.22,0.054,0.12,0.0027,0.28
/root/sharedfolder/newflickr/test//amusement/7724245062.jpg,amusement,0.014,0.01,0.85,0.0042,0.03,0.0026,0.077,0.012
/root/sharedfolder/newflickr/test//amusement/8302885949.jpg,amusement,0.0028,0.6,0.0055,0.0038,0.0043,0.077,0.027,0.28
/root/sharedfolder/newflickr/test//amusement/9438088145.jpg,amusement,0.023,0.014,0.86,0.0038,0.015,0.0076,0.07,0.0096
/root/sharedfolder/newflickr/test//amusement/12689918373.jpg,amusement,0.21,0.0059,0.67,0.029,0.022,0.0065,0.038,0.023
/root/sharedfolder/newflickr/test//amusement/8374322463.jpg,amusement,0.013,0.022,0.82,0.034,0.026,0.005,0.041,0.038
/root/sharedfolder/newflickr/test//amusement/8724579982.jpg,amusement,0.026,0.0052,0.95,0.0002,0.01,0.0013,0.0098,0.00096
/root/sharedfolder/newflickr/test//amusement/9659491489.jpg,amusement,0.0013,0.00078,0.97,4.9e-05,0.0014,4e-05,0.028,6.9e-05
/root/sharedfolder/newflickr/test//amusement/7777437386.jpg,amusement,0.1,0.045,0.7,0.0094,0.024,0.029,0.056,0.032
/root/sharedfolder/newflickr/test//amusement/9453972603.jpg,amusement,0.00074,0.00049,1,0.00096,0.00059,0.00018,0.0014,0.00014
/root/sharedfolder/newflickr/test//amusement/14326203862.jpg,amusement,0.0045,0.0023,0.97,0.00043,0.0048,0.0017,0.0091,0.0033
/root/sharedfolder/newflickr/test//amusement/9966169955.jpg,amusement,0.0096,0.32,0.16,0.0023,0.015,0.027,0.42,0.051
/root/sharedfolder/newflickr/test//amusement/7556899454.jpg,amusement,0.0021,0.0008,0.99,0.0011,0.002,0.00052,0.0016,0.0014
/root/sharedfolder/newflickr/test//amusement/7302971774.jpg,amusement,0.00064,0.0089,0.84,0.0012,0.0055,0.00072,0.14,0.0012
/root/sharedfolder/newflickr/test//amusement/10752844854.jpg,amusement,0.02,0.0052,0.94,0.0034,0.0078,0.003,0.012,0.0063
/root/sharedfolder/newflickr/test//amusement/9640037497.jpg,amusement,0.015,0.013,0.85,0.025,0.028,0.021,0.043,0.0042
/root/sharedfolder/newflickr/test//amusement/16315299430.jpg,amusement,0.0038,0.023,0.73,0.0007,0.0037,0.0014,0.24,0.0061
/root/sharedfolder/newflickr/test//amusement/11263042964.jpg,amusement,0.0016,0.0046,0.94,0.001,0.0043,0.00048,0.045,0.00038
/root/sharedfolder/newflickr/test//amusement/7713990334.jpg,amusement,0.02,0.0016,0.97,0.0006,0.0039,0.00077,0.0073,0.00063
/root/sharedfolder/newflickr/test//amusement/7657745526.jpg,amusement,0.0024,0.22,0.05,0.00035,0.0038,0.0031,0.7,0.02
/root/sharedfolder/newflickr/test//amusement/8295660388.jpg,amusement,0.0012,0.00079,0.99,0.0011,0.00094,0.00017,0.0039,0.0014
/root/sharedfolder/newflickr/test//amusement/12666154234.jpg,amusement,0.0014,0.0014,0.97,0.00033,0.00055,4.6e-05,0.025,0.00016
/root/sharedfolder/newflickr/test//amusement/7239428862.jpg,amusement,0.029,0.0059,0.84,0.012,0.02,0.0013,0.089,0.002
/root/sharedfolder/newflickr/test//amusement/7078650555.jpg,amusement,0.0078,0.0016,0.97,0.0038,0.0037,0.00053,0.012,0.0019
/root/sharedfolder/newflickr/test//amusement/9170773784.jpg,amusement,0.0039,0.0019,0.67,4.2e-05,0.031,0.00052,0.29,0.00066
/root/sharedfolder/newflickr/test//amusement/10761065804.jpg,amusement,2.9e-05,3.5e-05,1,1.3e-05,1.1e-05,3.2e-06,0.0032,3.1e-05
/root/sharedfolder/newflickr/test//amusement/7171761989.jpg,amusement,0.012,0.012,0.89,0.0053,0.01,0.0022,0.065,0.0055
/root/sharedfolder/newflickr/test//amusement/9979859375.jpg,amusement,0.061,0.086,0.44,0.058,0.048,0.17,0.021,0.11
/root/sharedfolder/newflickr/test//amusement/7785449450.jpg,amusement,0.00035,0.00045,1,5.9e-05,0.00052,3.3e-05,0.0024,0.00012
/root/sharedfolder/newflickr/test//disgust/199033291.jpg,disgust,0.012,0.1,0.035,0.68,0.03,0.026,0.053,0.062
/root/sharedfolder/newflickr/test//disgust/9012071184.jpg,disgust,0.002,0.12,0.0044,0.74,0.039,0.08,0.0095,0.0072
/root/sharedfolder/newflickr/test//disgust/3156323161.jpg,disgust,0.046,0.04,0.011,0.68,0.04,0.063,0.031,0.088
/root/sharedfolder/newflickr/test//disgust/436168721.jpg,disgust,0.00065,0.085,0.0056,0.8,0.0037,0.022,0.011,0.076
/root/sharedfolder/newflickr/test//disgust/2595234283.jpg,disgust,0.049,0.016,0.068,0.6,0.1,0.035,0.087,0.049
/root/sharedfolder/newflickr/test//disgust/2234590636.jpg,disgust,0.081,0.18,0.017,0.29,0.018,0.019,0.052,0.35
/root/sharedfolder/newflickr/test//disgust/5575839142.jpg,disgust,0.084,0.037,0.039,0.66,0.083,0.024,0.052,0.026
/root/sharedfolder/newflickr/test//disgust/7560252470.jpg,disgust,0.026,0.17,0.014,0.59,0.09,0.042,0.014,0.049
/root/sharedfolder/newflickr/test//disgust/1145751963.jpg,disgust,0.005,0.026,0.0025,0.87,0.013,0.066,0.0029,0.012
/root/sharedfolder/newflickr/test//disgust/3771492662.jpg,disgust,0.041,0.044,0.016,0.76,0.023,0.021,0.067,0.025
/root/sharedfolder/newflickr/test//disgust/8203528202.jpg,disgust,0.0095,0.0097,0.0047,0.93,0.0081,0.0039,0.015,0.021
/root/sharedfolder/newflickr/test//disgust/15827689861.jpg,disgust,0.002,0.006,0.0019,0.94,0.0031,0.027,0.00051,0.021
/root/sharedfolder/newflickr/test//disgust/8723136744.jpg,disgust,0.12,0.058,0.077,0.39,0.11,0.033,0.047,0.17
/root/sharedfolder/newflickr/test//disgust/166199630.jpg,disgust,0.0099,0.16,0.1,0.3,0.11,0.19,0.049,0.068
/root/sharedfolder/newflickr/test//disgust/8251640396.jpg,disgust,0.014,0.017,0.0091,0.65,0.17,0.074,0.028,0.035
/root/sharedfolder/newflickr/test//disgust/2297332784.jpg,disgust,0.00038,0.0017,0.00011,0.99,0.00024,0.0041,0.0015,0.0063
/root/sharedfolder/newflickr/test//disgust/2204248028.jpg,disgust,0.038,0.097,0.0045,0.38,0.011,0.29,0.0018,0.18
/root/sharedfolder/newflickr/test//disgust/3988193305.jpg,disgust,0.021,0.046,0.04,0.056,0.33,0.47,0.0033,0.03
/root/sharedfolder/newflickr/test//disgust/115084705.jpg,disgust,0.028,0.056,0.015,0.63,0.03,0.022,0.048,0.17
/root/sharedfolder/newflickr/test//disgust/3636462725.jpg,disgust,0.062,0.25,0.072,0.28,0.075,0.095,0.046,0.12
/root/sharedfolder/newflickr/test//disgust/3275310285.jpg,disgust,7.3e-05,7.8e-05,8e-07,1,2.8e-05,5.6e-05,4.1e-05,4.6e-05
/root/sharedfolder/newflickr/test//disgust/8471785080.jpg,disgust,0.062,0.12,0.0071,0.15,0.2,0.26,0.086,0.12
/root/sharedfolder/newflickr/test//disgust/13480247923.jpg,disgust,0.0035,0.027,0.00095,0.83,0.0072,0.092,0.0032,0.035
/root/sharedfolder/newflickr/test//disgust/3514518394.jpg,disgust,0.00057,0.0035,0.0015,0.95,0.0012,0.0006,0.0012,0.041
/root/sharedfolder/newflickr/test//disgust/294691630.jpg,disgust,0.0084,0.0051,0.00093,0.93,0.0031,0.016,0.0051,0.027
/root/sharedfolder/newflickr/test//disgust/3812230823.jpg,disgust,0.0016,0.28,0.012,0.23,0.0056,0.32,0.0068,0.14
/root/sharedfolder/newflickr/test//disgust/3619308029.jpg,disgust,0.0045,0.0035,0.001,0.96,0.0032,0.0081,0.0083,0.012
/root/sharedfolder/newflickr/test//disgust/11387397576.jpg,disgust,0.12,0.026,0.047,0.38,0.15,0.069,0.12,0.086
/root/sharedfolder/newflickr/test//disgust/3571574658.jpg,disgust,0.011,0.031,0.016,0.81,0.0091,0.018,0.013,0.092
/root/sharedfolder/newflickr/test//disgust/2225414531.jpg,disgust,0.00011,0.29,0.0012,0.33,0.0017,0.23,0.00097,0.15
/root/sharedfolder/newflickr/test//disgust/9547655270.jpg,disgust,0.012,0.037,0.0026,0.4,0.039,0.011,0.038,0.46
/root/sharedfolder/newflickr/test//disgust/2726578743.jpg,disgust,0.0033,0.00056,0.0031,0.95,0.0023,0.003,0.0088,0.032
